20095
21999
20094
21998
20998
31999
41010
20099
21999
11999
20093
21999
11999
20094
21999
20095
21998
20998
31999
41024
20094
21999
11999
40027
20100
21999
11999
20094
21999
20094
21998
20999
31998
42040
20998
31999
41040
20101
21999
11999
20095
21999
11999
20094
21999
20095
21998
20999
31998
42057
20998
31999
41057
20096
21999
11999
40060
20102
21999
11999
20094
21999
20094
21998
20999
31998
41073
42069
40073
20097
21999
11999
40076
20104
21999
11999
20094
21999
20095
21998
20999
31998
41089
42085
40089
20103
21999
11999
43000
20098
21999
11999
43000
1
2
3
4
5
6
991
992
993
994
996
999
END

