20104
21999
20999
21101
20105
21999
20999
21102
20101
21999
20103
21998
20999
31998
21999
11999
20101
21999
20101
21998
20103
21997
20998
30997
21998
20999
33998
21999
20101
21998
20103
21997
20998
31997
21998
20999
33998
21999
11999
20101
21999
20101
21998
20103
21997
20998
30997
21998
20999
33998
21999
20101
21998
20105
21997
20102
21996
20104
21995
20996
31995
21996
20997
33996
21997
20998
31997
21998
20999
33998
21999
11999
20106
21999
20101
21998
20102
21997
20998
30997
21998
20999
33998
21999
20101
21998
20104
21997
20102
21996
20997
33996
21997
20998
30997
21998
20999
32998
21999
11999
43000
0
0
1
2
3
5
END
