20085
21999
20086
21998
20999
31998
41010
20090
21999
11999
20084
21999
11999
20086
21999
20085
21998
20999
31998
41024
20085
21999
11999
40027
20091
21999
11999
20086
21999
20085
21998
20999
31998
42038
20086
21999
11999
40041
20092
21999
11999
20086
21999
20086
21998
20999
31998
42051
20093
21999
11999
20087
21999
11999
20086
21999
20087
21998
20999
31998
42065
41065
20094
21999
11999
20088
21999
11999
20087
21999
20086
21998
20999
31998
42080
41080
20089
21999
11999
40083
20095
21999
11999
43000
1
2
3
4
5
6
991
992
993
994
995
996
END

