First pass...
1. x
2. y
3. begin
4.   x=2
5.   y=3
6.   write x-1
7.   write x*(x+1)*(x-1)
8.   write x*(x+1)*(x-3*(y-2))
9.   write 5*(x+y)/(x+2*y)
10.   halt
11. end

----------------------
Addresses of variables and constants
x: 101
y: 102
1: 103
2: 104
3: 105
5: 106

--------------

Second pass...
1. x
2. y
3. begin
4.   x=2
		[0] 20104
		[1] 21999
		[2] 20999
		[3] 21101
5.   y=3
		[4] 20105
		[5] 21999
		[6] 20999
		[7] 21102
6.   write x-1
		[8] 20101
		[9] 21999
		[10] 20103
		[11] 21998
		[12] 20999
		[13] 31998
		[14] 21999
		[15] 11999
7.   write x*(x+1)*(x-1)
		[16] 20101
		[17] 21999
		[18] 20101
		[19] 21998
		[20] 20103
		[21] 21997
		[22] 20998
		[23] 30997
		[24] 21998
		[25] 20999
		[26] 33998
		[27] 21999
		[28] 20101
		[29] 21998
		[30] 20103
		[31] 21997
		[32] 20998
		[33] 31997
		[34] 21998
		[35] 20999
		[36] 33998
		[37] 21999
		[38] 11999
8.   write x*(x+1)*(x-3*(y-2))
		[39] 20101
		[40] 21999
		[41] 20101
		[42] 21998
		[43] 20103
		[44] 21997
		[45] 20998
		[46] 30997
		[47] 21998
		[48] 20999
		[49] 33998
		[50] 21999
		[51] 20101
		[52] 21998
		[53] 20105
		[54] 21997
		[55] 20102
		[56] 21996
		[57] 20104
		[58] 21995
		[59] 20996
		[60] 31995
		[61] 21996
		[62] 20997
		[63] 33996
		[64] 21997
		[65] 20998
		[66] 31997
		[67] 21998
		[68] 20999
		[69] 33998
		[70] 21999
		[71] 11999
9.   write 5*(x+y)/(x+2*y)
		[72] 20106
		[73] 21999
		[74] 20101
		[75] 21998
		[76] 20102
		[77] 21997
		[78] 20998
		[79] 30997
		[80] 21998
		[81] 20999
		[82] 33998
		[83] 21999
		[84] 20101
		[85] 21998
		[86] 20104
		[87] 21997
		[88] 20102
		[89] 21996
		[90] 20997
		[91] 33996
		[92] 21997
		[93] 20998
		[94] 30997
		[95] 21998
		[96] 20999
		[97] 32998
		[98] 21999
		[99] 11999
10.   halt
		[100] 43000
11. end
		[101] 0
		[102] 0
		[103] 1
		[104] 2
		[105] 3
		[106] 5
